"BROKEN","EPIC","FAILED","FEATURE","PASSED","SKIPPED","STORY","UNKNOWN"
"0","","0","","0","4","","0"
"0","","0","Customer Ordering","32","3","","0"
"0","","0","Customer Gift Cards","3","0","","0"
